node 1 419 464 508 497
node 1 428 476 472 494
node 1 416 462 511 499
node 1 262 434 328 468
node 1 723 345 757 368
node 1 571 201 604 220
node 1 556 190 684 221
node 1 560 300 715 335
node 1 650 306 700 326
node 1 692 255 764 286
node 1 630 101 717 133
node 1 539 84 615 127
node 1 43 283 77 313
node 1 132 250 175 281
node 1 168 249 206 270
node 1 135 243 166 266
node 1 259 197 354 218
node 1 100 186 132 225
node 1 698 147 774 187
node 1 585 137 619 169
node 1 446 113 523 149
node 1 776 98 839 133
node 1 186 76 239 107
node 1 105 80 176 123
node 1 254 51 311 97
node 1 331 45 379 77
node 1 762 40 815 78
node 1 761 40 815 78
node 1 765 51 809 74
node 1 473 19 529 64
node 1 473 19 530 64
node 1 609 71 671 101
