node 1 1027 2503 1059 2537
node 1 1113 2485 1146 2534
node 1 1113 2485 1146 2534
node 1 1406 2381 1469 2417
node 1 1406 2379 1469 2417
node 1 1527 2360 1561 2401
node 1 1527 2361 1561 2401
node 1 2212 2326 2264 2363
node 1 1417 2310 1475 2351
node 1 2415 2309 2452 2348
node 1 2414 2309 2452 2348
node 1 591 2301 630 2342
node 1 589 2303 630 2342
node 1 1404 2298 1438 2331
node 1 679 2276 723 2321
node 1 679 2276 722 2321
node 1 1032 2270 1213 2313
node 1 2112 2249 2155 2287
node 1 2155 2237 2218 2286
node 1 2854 2189 2913 2229
node 1 1003 2247 1040 2294
node 1 1044 2245 1085 2282
node 1 1097 2229 1173 2269
node 1 1178 2217 1214 2259
node 1 1178 2217 1213 2259
node 1 3001 2166 3035 2210
node 1 2714 2120 2745 2163
node 1 2714 2120 2745 2163
node 1 482 2058 513 2092
node 1 482 2058 514 2092
node 1 287 2055 398 2085
node 1 287 2055 398 2086
node 1 193 2052 230 2092
node 1 194 2052 230 2092
node 1 420 1920 457 1955
node 1 1449 1906 1500 1936
node 1 1449 1906 1500 1935
node 1 1594 1892 1627 1925
node 1 1594 1892 1629 1926
node 1 285 1871 340 1909
node 1 381 1864 438 1913
node 1 381 1864 438 1913
node 1 1446 1797 1502 1816
node 1 2987 1785 3034 1821
node 1 2203 1972 2237 2011
node 1 2203 1972 2237 2011
node 1 2369 1942 2401 1985
node 1 2369 1942 2400 1985
node 1 2521 1918 2570 1961
node 1 2520 1917 2568 1961
node 1 2239 1864 2281 1905
node 1 2310 1856 2350 1899
node 1 2388 1838 2441 1886
node 1 2444 1824 2478 1872
node 1 2444 1823 2477 1871
node 1 3075 1767 3107 1801
node 1 3076 1767 3108 1802
node 1 1348 1767 1384 1800
node 1 1349 1768 1384 1800
node 1 1287 1766 1329 1814
node 1 1013 1753 1049 1770
node 1 995 1765 1028 1810
node 1 798 1708 937 1726
node 1 337 1672 370 1699
node 1 338 1672 370 1699
node 1 162 1668 198 1700
node 1 218 1652 278 1696
node 1 1329 1614 1396 1657
node 1 1596 1594 1632 1623
node 1 1596 1594 1632 1623
node 1 232 1589 266 1634
node 1 231 1588 268 1634
node 1 2174 1585 2213 1619
node 1 2174 1585 2213 1619
node 1 1461 1578 1494 1612
node 1 2491 1574 2523 1616
node 1 2529 1560 2570 1597
node 1 1486 1560 1521 1600
node 1 1487 1560 1521 1600
node 1 2592 1535 2629 1574
node 1 2202 1524 2247 1562
node 1 2520 1504 2560 1531
node 1 576 1485 652 1521
node 1 576 1485 652 1521
node 1 2693 1483 2747 1518
node 1 2693 1483 2748 1518
node 1 2263 1439 2304 1467
node 1 875 1411 913 1451
node 1 875 1411 912 1451
node 1 991 1385 1028 1422
node 1 991 1385 1028 1421
node 1 592 1948 639 1974
node 1 2326 1338 2373 1386
node 1 2326 1338 2373 1386
node 1 2357 1311 2403 1343
node 1 2357 1311 2403 1342
node 1 2346 1215 2388 1243
node 1 2348 1216 2388 1243
node 1 2315 1207 2346 1250
node 1 2804 1203 2839 1237
node 1 2804 1203 2839 1237
node 1 2880 1184 2929 1228
node 1 2880 1184 2929 1227
node 1 2437 1125 2481 1167
node 1 2437 1125 2481 1167
node 1 2399 1124 2433 1172
node 1 2399 1124 2433 1172
node 1 1699 1057 1790 1095
node 1 1203 990 1249 1006
node 1 1340 988 1380 1030
node 1 1197 988 1251 1009
node 1 1335 980 1381 1028
node 1 1472 977 1513 1014
node 1 1487 969 1526 1018
node 1 2488 871 2529 916
node 1 2487 873 2529 916
node 1 2632 865 2669 901
node 1 2631 867 2669 900
node 1 2726 858 2758 902
node 1 2726 857 2758 901
node 1 792 829 842 864
node 1 793 829 839 864
node 1 731 819 772 866
node 1 732 819 771 867
node 1 685 819 722 867
node 1 685 818 722 867
node 1 2679 817 2802 859
node 1 2215 688 2259 729
node 1 2295 678 2327 727
node 1 2295 678 2327 727
node 1 2130 595 2179 638
node 1 2129 597 2179 637
node 1 1012 606 1068 652
node 1 1012 605 1068 652
node 1 851 551 897 596
node 1 851 552 897 596
node 1 894 534 964 580
node 1 932 539 965 582
node 1 895 534 932 580
node 1 964 534 1019 577
node 1 964 532 1020 578
node 1 1101 1364 1134 1391
node 1 645 281 687 325
node 1 645 281 687 325
node 1 1261 268 1302 311
node 1 2409 248 2467 290
node 1 689 246 734 291
node 1 689 246 733 291
node 1 810 192 855 229
node 1 811 192 855 229
node 1 2545 180 2584 224
node 1 2545 180 2584 224
node 1 2580 155 2616 202
node 1 2580 155 2616 202
node 1 868 155 910 189
node 1 868 155 910 189
