node 1 643 355 729 385
node 1 643 362 709 383
node 1 646 360 707 382
node 1 143 260 215 305
node 1 143 279 215 305
node 1 250 224 337 271
node 1 250 224 337 271
node 1 341 219 376 235
node 1 42 192 77 217
node 1 42 193 77 217
node 1 182 143 226 159
node 1 576 141 607 183
node 1 249 108 312 126
node 1 638 82 730 111
node 1 641 85 727 109
node 1 638 82 730 111
node 1 437 139 509 164
node 1 462 109 506 125
node 1 444 87 573 105
node 1 424 66 466 82
node 1 697 64 747 81
node 1 152 106 247 125
node 1 198 16 235 35
